00005200
00005201
00005202
00005203
00005204
00005205
00005206
00005207
00005208
00005209
00005210
00005211
00005212
00005213
00005214
00005215
00005216
00005217
00005218
00005219
00005220
00005221
00005222
00005223
00005224
00005225
00005226
00005227
00005228
00005229
00005230
00005231
00005232
00005233
00005234
00005235
00005236
00005237
00005238
00005239
00005240
00005241
00005242
00005243
00005244
00005245
00005246
00005247
00005248
00005249
00005250
00005251
00005252
00005253
00005254
00005255
00005256
00005257
00005258
00005259
00005260
00005261
00005262
00005263
00005264
00005265
00005266
00005267
00005268
00005269
00005270
00005271
00005272
00005273
00005274
00005275
00005276
00005277
00005278
00005279
00005280
00005281
00005282
00005283
00005284
00005285
00005286
00005287
00005288
00005289
00005290
00005291
00005292
00005293
00005294
00005295
00005296
00005297
00005298
00005299
00005300
00005301
00005302
00005303
00005304
00005305
00005306
00005307
00005308
00005309
00005310
00005311
00005312
00005313
00005314
00005315
00005316
00005317
00005318
00005320
00005321
00005322
00005323
00005324
00005325
00005326
00005327
00005328
00005329
00005330
00005331
00005332
00005333
00005334
00005335
00005336
00005337
00005338
00005339
00005340
00005341
00005342
00005343
00005344
00005345
00005346
00005347
00005348
00005349
00005350
00005351
00005352
00005353
00005354
00005355
00005356
00005357
00005383
00005387
00005388
00005390
00005391
00005392
00005393
00005394
00005395
00005396
00005397
00005398
00005399
00010400
00010401
00010402
00010403
00010404
00010405
00010406
00010407
00010408
00010409
00010410
00010411
00010412
00010413
00010414
00010415
00010416
00010417
00010418
00010419
00010420
00010421
00010422
00010423
00010424
00010425
00010426
00010427
00010428
00010429
00010430
00010431
00010432
00010433
00010434
00010435
00010436
00010437
00010438
00010439
00010440
00010441
00010442
00010443
00010444
00010445
00010446
00010447
00010448
00010449
00010450
00010451
00010452
00010453
00010454
00010455
00010456
00010457
00010458
00010459
00010460
00010461
00010462
00010463
00010464
00010465
00010466
00010467
00010468
00010469
00010470
00010471
00010474
00010477
00010478
00010479
00010480
00010481
00010483
00010501
00010502
00010503
00010511
00010519
00010520
00010521
00010522
00010523
00010524
00010525
00010526
00010527
00010528
00010529
00010530
00010531
00010532
00010533
00010534
00010535
00010536
00010537
00010538
00010539
00010540
00010541
00010542
00010543
00010544
00010545
00010546
00010547
00010548
00010549
00010550
00010551
00010552
00010553
00010554
00010555
00010556
00010557
00010558
00010559
00010560
00010561
00010562
00010563
00010564
00010565
00010566
00010567
00010568
00010569
00010570
00010571
00010572
00010573
00010574
00010575
00010576
00010577
00010578
00010579
00010580
00010581
00010582
00010583
00010584
00010585
00010586
00010587
00010588
00010589
00010590
00010591
00010592
00010593
00010594
00010595
00010596
00010597
00010598
00010599
00010200
00010201
00010202
00010203
00010204
00010205
00010206
00010207
00010208
00010209
00010210
00010211
00010212
00010213
00010214
00010215
00010216
00010217
00010218
00010219
00010220
00010221
00010222
00010223
00010224
00010225
00010226
00010227
00010228
00010229
00010230
00010231
00010232
00010233
00010234
00010235
00010236
00010237
00010238
00010239
00010240
00010241
00010242
00010243
00010244
00010245
00010246
00010247
00010248
00010249
00010250
00010251
00010252
00010253
00010254
00010255
00010256
00010257
00010258
00010259
00010260
00010261
00010262
00010263
00010264
00010265
00010266
00010267
00010268
00010269
00010270
00010271
00010272
00010273
00010274
00010275
00010276
00010277
00010278
00010279
00010280
00010281
00010282
00010283
00010284
00010285
00010286
00010287
00010288
00010289
00010290
00010291
00010292
00010293
00010294
00010295
00010296
00010297
00010298
00010299
00010300
00010301
00010302
00010303
00010304
00010305
00010306
00010307
00010308
00010309
00010310
00010311
00010312
00010313
00010314
00010315
00010316
00010317
00010318
00010319
00010320
00010321
00010322
00010323
00010324
00010325
00010326
00010327
00010328
00010329
00010330
00010331
00010332
00010333
00010334
00010335
00010336
00010337
00010338
00010339
00010340
00010341
00010342
00010343
00010344
00010345
00010346
00010347
00010348
00010349
00010350
00010351
00010352
00010353
00010354
00010355
00010356
00010357
00010358
00010359
00010360
00010361
00010362
00010363
00010364
00010365
00010366
00010367
00010368
00010369
00010370
00010371
00010372
00010373
00010374
00010375
00010376
00010377
00010378
00010379
00010380
00010381
00010382
00010383
00010384
00010385
00010386
00010387
00010388
00010389
00010390
00010391
00010392
00010393
00010394
00010395
00010396
00010397
00010398
00010399
00007800
00007801
00007802
00007803
00007804
00007805
00007806
00007807
00007981
00007982
00007987
00007988
00007989
00007990
00007991
00007992
00007993
00007994
00007995
00007996
00007997
00007998
00007999
00005856
00005857
00005858
00005859
00005860
00005861
00005862
00005863
00005864
00005865
00005866
00005867
00005868
00005869
00005870
00005871
00005872
00005873
00005874
00005875
00005876
00005877
00005878
00005879
00005880
00005881
00005882
00005883
00005884
00005885
00005886
00005887
00005888
00005889
00005890
00005891
00005892
00005893
00005894
00005895
00005896
00005897
00005898
00005899
00005900
00005901
00005902
00005903
00005904
00005905
00005906
00005907
00005908
00005909
00005910
00005911
00005912
00005913
00005914
00005915
00005916
00005917
00005918
00005919
00005920
00005921
00005922
00005923
00005924
00005925
00005926
00005927
00005928
00005929
00005930
00005931
00005932
00005933
00005934
00005935
00005936
00005937
00005938
00005939
00005940
00005941
00005942
00005943
00005944
00005945
00005946
00005947
00005948
00005949
00005950
00005951
00005952
00005953
00005954
00005955
00005956
00005957
00005958
00005959
00005960
00005961
00005962
00005963
00005964
00005965
00005966
00005967
00005968
00005969
00005970
00005971
00005972
00005973
00005974
00005975
00005976
00005977
00005978
00005979
00005980
00005981
00005982
00005983
00005984
00005985
00005986
00005987
00005988
00005989
00005990
00005991
00005992
00005993
00005994
00005995
00005996
00005997
00005998
00005999
00008000
00008001
00008002
00008005
00008009
00008010
00008011
00008025
00008026
00008027
00008028
00008029
00008030
00008031
00008032
00008033
00008034
00008035
00008036
00008037
00008038
00008039
00008040
00008041
00008042
00008043
00008044
00008045
00008046
00008047
00008048
00008049
00008050
00008051
00008052
00008053
00008054
00008055
00008056
00008057
00008058
00008059
00008060
00008061
00008062
00008063
00008064
00008065
00008066
00008067
00008068
00008069
00008070
00008071
00008072
00008073
00008074
00008075
00008076
00008077
00008078
00008079
00008080
00008081
00008082
00008083
00008084
00008085
00008086
00008087
00008088
00008089
00008090
00008091
00008092
00008093
00008094
00008095
00008096
00008097
00008098
00008099
00008100
00008101
00008102
00008103
00008104
00008105
00008106
00008107
00008108
00008109
00008110
00008111
00008112
00008113
00008114
00008115
00008116
00008117
00008118
00008119
00008120
00008121
00008122
00008123
00008124
00008125
00008126
00008127
00008128
00008129
00008130
00008131
00008132
00008133
00008134
00008135
00008136
00008137
00008138
00008139
00008140
00008141
00008142
00008143
00008144
00008145
00008146
00008147
00008148
00008149
00008150
00008151
00008152
00008153
00008154
00008155
00008156
00008157
00008158
00008159
00008160
00008161
00008162
00008163
00008164
00008165
00008166
00008167
00008168
00008169
00008170
00008171
00008172
00008173
00008174
00008175
00008176
00008177
00008178
00008600
00008601
00008602
00008603
00008604
00008605
00008606
00008607
00008608
00008609
00008610
00008619
00008622
00008623
00008624
00008625
00008626
00008627
00008628
00008629
00008630
00008631
00008632
00008633
00008693
00008694
00008695
00009223
00009224
00009225
00009226
00009227
00009228
00009229
00009230
00009231
00009232
00009233
00009234
00009235
00009236
00009237
00009238
00009239
00009240
00009241
00009242
00009243
00009244
00009245
00009246
00009247
00009248
00009249
00009250
00009251
00009252
00009253
00009254
00009255
00009256
00009257
00009258
00009259
00009260
00009261
00009262
00009263
00009264
00009265
00009266
00009267
00009268
00009269
00009270
00009271
00009272
00009273
00009274
00009275
00009276
00009277
00009278
00009279
00009280
00009281
00009282
00009283
00009284
00009285
00009286
00009287
00009288
00009289
00009290
00009291
00009292
00009293
00009294
00009295
00009296
00009297
00009298
00009299
00009300
00009301
00009302
00009303
00009304
00009305
00009306
00009307
00009308
00009309
00009310
00009311
00009312
00009313
00009314
00009315
00009316
00009317
00009318
00009319
00009320
00009321
00009322
00009323
00009324
00009325
00009326
00009327
00009328
00009329
00009330
00009331
00009332
00009333
00009334
00009335
00009336
00009337
00009338
00009339
00009340
00009341
00009342
00009343
00009344
00009345
00009346
00009347
00009348
00009349
00009350
00009351
00009352
00009353
00009354
00009355
00009356
00009357
00009358
00009359
00009360
00009361
00009362
00009363
00009364
00009365
00009366
00009367
00009368
00009369
00009370
00009371
00009372
00009373
00009374
00009375
00009376
00009377
00009378
00009379
00009380
00009381
00009382
00009383
00009384
00009385
00009386
00009387
00009388
00009389
00009390
00009391
00009392
00009393
00009394
00009395
00009396
00009397
00009398
00009399
00004009
00004010
00004011
00004012
00004013
00004014
00004015
00004016
00004017
00004018
00004019
00004020
00004021
00004022
00004023
00004024
00004025
00004027
00004161
00004162
00004163
00003696
00003697
00003698
00003699
00003700
00003701
00003702
00003703
00003704
00003705
00003706
00003707
00003708
00003709
00003710
00003711
00003712
00003713
00003714
00003715
00003716
00003717
00003718
00003719
00003720
00003721
00003722
00003723
00003724
00003725
00003726
00003727
00003728
00003729
00003730
00003731
00003732
00003733
00003734
00003735
00003736
00003737
00003738
00003739
00003740
00003741
00003742
00003743
00003744
00003745
00003746
00003747
00003748
00003749
00003750
00003751
00003752
00003753
00003754
00003755
00003756
00003757
00003758
00003759
00003760
00003761
00003762
00003763
00003764
00003765
00003766
00003767
00003768
00003769
00003770
00003771
00003772
00003773
00003774
00003775
00003776
00003777
00003778
00003779
00003780
00003781
00003782
00003783
00003784
00003785
00003786
00003787
00003788
00003789
00003790
00003791
00003792
00003793
00003794
00003795
00003796
00003797
00003798
00003799
00010600
00010601
00010602
00010603
00010604
00010605
00010606
00010607
00010608
00010609
00010610
00010612
00010613
00010615
00010616
00010617
00010622
00010623
00010624
00010625
00010626
00010627
00010628
00010631
00010632
00010633
00010634
00010635
00010636
00010637
00010638
00010639
00010640
00010641
00010662
00010663
00010671
00010672
00010673
00010674
00010675
00010676
00010677
00010678
00010679
00010680
00010681
00010682
00010683
00010684
00010685
00010686
00010687
00010688
00010689
00010690
00010691
00010692
00010693
00010694
00010695
00010696
00010697
00010698
00010699
00010700
00010701
00010702
00010703
00010704
00010705
00010706
00010707
00010708
00010709
00010710
00010711
00010712
00010713
00010714
00010715
00010716
00010717
00010718
00010719
00010720
00010721
00010722
00010723
00010724
00010725
00010726
00010727
00010728
00010729
00010730
00010731
00010732
00010733
00010734
00010735
00010736
00010737
00010738
00010776
00010777
00010778
00010779
00010780
00010781
00010782
00010783
00010784
00010785
00010786
00010787
00010788
00010789
00010790
00010799
00002362
00002363
00002364
00002365
00002366
00002367
00002368
00002369
00002370
00002371
00002374
00002378
00002379
00002381
00002389
00006400
00006401
00006402
00006403
00006404
00006405
00006406
00006407
00006408
00006409
00006410
00006411
00006412
00006413
00006414
00006415
00006416
00006417
00006418
00006419
00006420
00006421
00006422
00006423
00006424
00006425
00006426
00006427
00006428
00006429
00006430
00006431
00006432
00006433
00006434
00006435
00006436
00006437
00006438
00006439
00006440
00006441
00006442
00006443
00006444
00006445
00006446
00006447
00006448
00006449
00006450
00006451
00006452
00006453
00006454
00006455
00006456
00006457
00006458
00006459
00006460
00006461
00006462
00006463
00006464
00006465
00006466
00006467
00006468
00006469
00006470
00006471
00006472
00006473
00006474
00006475
00006476
00006477
00006478
00006479
00006480
00006481
00006482
00006483
00006484
00006485
00006486
00006487
00006488
00006489
00006490
00006491
00006492
00006493
00006494
00006495
00006496
00006497
00006498
00006499
00006500
00006501
00006502
00006503
00006504
00006505
00006506
00006507
00006508
00006509
00006510
00006511
00006512
00006513
00006514
00006515
00006516
00006517
00006518
00006519
00006520
00006521
00006522
00006523
00006524
00006525
00006526
00006527
00006528
00006529
00006530
00006531
00006532
00006533
00006534
00006535
00006536
00006537
00006538
00006539
00006540
00006541
00006542
00006543
00006544
00006545
00006546
00006547
00006548
00006549
00006550
00006551
00006552
00006553
00006554
00006555
00006556
00006557
00006558
00006559
00006560
00006561
00006562
00006563
00006564
00006565
00006566
00006567
00006568
00006569
00006570
00006571
00006572
00006573
00006574
00006575
00006576
00006577
00006578
00006579
00006580
00006581
00006582
00006583
00006584
00006585
00006586
00006587
00006588
00006589
00006590
00006591
00006592
00006593
00006594
00006595
00006596
00006597
00006598
00006599
00002400
00002401
00002402
00002403
00002404
00002405
00002406
00002407
00002408
00002409
00002410
00002411
00002412
00002413
00002414
00002415
00002416
00002417
00002418
00002419
00002420
00002421
00002422
00002423
00002424
00002425
00002426
00002427
00002428
00002429
00002430
00002431
00002432
00002433
00002434
00002435
00002436
00002437
00002438
00002439
00002440
00002441
00002442
00002443
00002444
00002445
00002446
00002447
00002448
00002449
00002450
00002451
00002452
00002453
00002454
00002455
00002456
00002457
00002458
00002459
00002460
00002461
00002462
00002463
00002464
00002465
00002466
00002467
00002468
00002469
00002470
00002471
00002472
00002473
00002474
00002475
00002476
00002477
00002478
00002479
00002480
00002481
00002482
00002483
00002484
00002485
00002486
00002487
00002488
00002489
00002490
00002491
00002492
00002493
00002494
00002495
00002496
00002497
00002498
00002499
00002500
00002501
00002502
00002503
00002504
00002505
00002506
00002507
00002508
00002509
00002510
00002511
00002512
00002513
00002514
00002515
00002516
00002517
00002518
00002519
00002520
00002521
00002522
00002523
00002524
00002525
00002526
00002527
00002528
00002529
00002530
00002531
00002532
00002533
00002534
00002535
00002536
00002537
00002538
00002539
00002540
00002541
00002542
00002543
00002544
00002545
00002546
00002547
00002548
00002549
00002550
00002551
00002552
00002553
00002554
00002555
00002556
00002557
00002558
00002559
00002560
00002561
00002562
00002563
00002564
00002565
00002566
00002567
00002568
00002569
00002570
00002571
00002572
00002573
00002574
00002593
00002594
00002595
00002596
00002597
00002598
00002599
00008394
00008395
00008396
00008397
00008398
00008399
00004600
00004601
00004602
00004603
00004604
00004605
00004606
00004607
00004608
00004609
00004610
00004611
00004612
00004613
00004614
00004615
00004616
00004617
00004618
00004619
00004620
00004621
00004622
00004623
00004624
00004625
00004626
00004627
00004628
00004629
00004630
00004631
00004632
00004633
00004634
00004635
00004636
00004637
00004638
00004639
00004640
00004641
00004642
00004643
00004644
00004645
00004646
00004647
00004648
00004649
00004650
00004651
00004652
00004653
00004654
00004655
00004656
00004657
00004658
00004659
00004660
00004661
00004662
00004663
00004664
00004665
00004666
00004667
00004668
00004669
00004670
00004671
00004672
00004673
00004674
00004675
00004676
00004677
00004678
00004679
00004680
00004681
00004682
00004683
00004684
00004685
00004686
00004687
00004688
00004689
00004690
00004691
00004692
00004693
00004694
00004695
00004696
00004697
00004698
00004699
00004700
00004701
00004702
00004703
00004704
00004705
00004706
00004707
00004708
00004709
00004710
00004711
00004712
00004713
00004714
00004715
00004716
00004717
00004718
00004719
00004720
00004721
00004722
00004723
00004724
00004725
00004726
00004727
00004728
00004729
00004730
00004731
00004732
00004733
00004734
00004735
00004736
00004737
00004738
00004739
00004740
00004741
00004742
00004743
00004744
00004745
00004746
00004747
00004748
00004749
00004750
00004751
00004752
00004753
00004754
00004755
00004756
00004757
00004758
00004759
00004760
00004761
00004762
00004763
00004764
00004765
00004766
00004767
00004768
00004769
00004770
00004771
00004772
00004773
00004774
00004775
00004776
00004777
00004778
00004779
00004780
00004781
00004782
00004783
00004784
00004785
00004786
00004787
00004788
00004789
00004790
00004791
00004792
00004793
00004794
00004795
00004796
00004797
00004798
00004799
00011236
00011237
00011238
00011239
00011240
00011241
00011242
00011243
00011244
00011245
00011246
00011247
00011248
00011249
00011250
00011251
00011252
00011253
00011254
00011255
00011256
00011257
00011258
00011259
00011260
00011261
00011262
00011263
00011264
00003868
00003869
00003870
00003871
00003872
00003874
00003875
00003876
00003877
00003880
00003882
00003885
00003886
00003888
00003892
00003893
00003917
00003918
00003919
00003920
00003921
00003922
00003923
00003924
00003925
00003926
00003927
00003928
00003929
00003930
00003931
00003932
00003933
00003934
00003935
00003936
00003937
00003938
00003939
00003940
00003941
00003942
00003943
00003944
00003945
00003946
00003947
00003948
00003949
00003950
00003951
00003952
00003953
00003954
00003955
00003956
00003957
00003958
00003959
00003960
00003961
00003962
00003963
00003964
00003965
00003966
00003967
00003968
00003969
00003970
00003971
00003972
00003973
00003974
00003975
00003976
00003977
00003978
00003979
00003980
00003981
00003982
00003983
00003984
00003985
00003986
00003987
00003988
00003989
00003990
00003991
00003992
00003993
00003994
00003995
00003996
00003997
00003998
00003999
00011491
00011492
00011493
00011494
00011495
00011496
00011497
00011498
00011499
00011500
00011501
00011502
00011503
00011504
00011505
00011506
00011507
00011508
00011509
00011510
00011511
00011512
00011513
00011514
00011515
00011516
00011517
00011518
00011519
00011520
00011521
00011522
00011523
00011524
00011525
00011526
00011527
00011528
00011529
00011530
00011531
00011532
00011533
00011534
00011535
00011536
00011537
00011538
00011539
00011540
00011541
00011542
00011543
00011544
00011545
00011546
00011547
00011548
00011549
00011550
00011551
00011552
00011553
00011554
00011555
00011556
00011557
00011558
00011559
00011560
00011561
00011562
00011563
00011564
00011565
00011566
00011567
00011568
00011569
00011570
00011571
00011572
00011573
00011574
00011575
00011576
00011577
00011578
00011579
00011580
00011581
00011582
00011583
00011584
00011585
00011586
00011587
00011588
00011589
00011590
00011591
00011592
00011593
00011594
00011595
00011596
00011597
00011598
00011599
00008590
00008591
00008592
00008593
00008594
00008595
00008596
00008597
00008598
00008599
00009800
00009801
00009802
00009803
00009804
00009805
00009806
00009807
00009808
00009809
00009810
00009811
00009812
00009813
00009814
00009815
00009816
00009817
00009818
00009819
00009820
00009821
00009822
00009823
00009824
00009825
00009826
00009827
00009828
00009829
00009830
00009831
00009832
00009833
00009834
00009835
00009836
00009837
00009838
00009839
00009840
00009841
00009842
00009843
00009844
00009845
00009846
00009847
00009848
00009849
00009850
00009851
00009852
00009853
00009854
00009855
00009856
00009857
00009858
00009859
00009860
00009861
00009862
00009863
00009864
00009865
00009866
00009867
00009868
00009869
00009870
00009871
00009872
00009873
00009874
00009875
00009876
00009877
00009878
00009879
00009880
00009881
00009882
00009883
00009884
00009885
00009886
00009887
00009888
00009889
00009890
00009891
00009892
00009893
00009894
00009895
00009896
00009897
00009898
00009899
00009900
00009901
00009902
00009903
00009904
00009905
00009906
00009907
00009908
00009909
00009910
00009911
00009912
00009913
00009914
00009915
00009916
00009917
00009918
00009919
00009920
00009921
00009922
00009923
00009924
00009925
00009926
00009927
00009928
00009929
00009930
00009931
00009932
00009933
00009934
00009935
00009936
00009937
00009938
00009939
00009940
00009941
00009942
00009943
00009944
00009945
00009946
00009947
00009948
00009949
00009950
00009951
00009952
00009953
00009954
00009955
00009956
00009957
00009958
00009959
00009960
00009961
00009962
00009963
00009964
00009965
00009966
00009967
00009968
00009969
00009970
00009971
00009972
00009973
00009974
00009975
00009976
00009977
00009978
00009979
00009980
00009981
00009982
00009983
00009984
00009985
00009986
00009987
00009988
00009989
00009990
00009992
00009993
00009994
00009995
00009996
00009997
00009998
00009999
00009466
00009467
00009468
00009469
00009470
00009471
00009472
00009473
00009474
00009475
00009476
00009477
00009478
00009479
00009480
00009481
00009482
00009483
00009484
00009485
00009486
00009487
00009488
00009489
00009490
00009491
00009492
00009493
00009494
00009495
00009496
00009497
00009498
00009499
00009500
00009501
00009502
00009503
00009504
00009505
00009506
00009507
00009508
00009509
00009510
00009511
00009512
00009513
00009514
00009515
00009516
00009517
00009518
00009519
00009520
00009521
00009522
00009523
00009524
00009525
00009526
00009527
00009528
00009529
00009530
00009531
00009532
00009533
00009534
00009535
00009536
00009537
00009538
00009539
00009540
00009541
00009542
00009543
00009544
00009545
00009546
00009547
00009548
00009549
00009550
00009551
00009552
00009553
00009554
00009555
00009556
00009557
00009558
00009559
00009560
00009561
00009562
00009563
00009564
00009565
00009566
00009567
00009568
00009569
00009570
00009571
00009572
00009573
00009574
00009575
00009576
00009577
00009578
00009579
00009580
00009581
00009582
00009583
00009584
00009585
00009586
00009587
00009588
00009589
00009590
00009591
00009592
00009593
00009594
00009595
00009596
00009597
00009598
00009599
00007600
00007601
00007602
00007603
00007604
00007605
00007607
00007608
00007609
00007610
00007611
00007612
00007613
00007616
00007617
00007618
00007619
00007620
00007621
00007622
00007623
00007624
00007625
00007626
00007627
00007628
00007629
00007630
00007631
00007632
00007633
00007634
00007635
00007636
00007637
00007638
00007639
00007640
00007641
00007642
00007643
00007644
00007645
00007646
00007647
00007648
00007649
00007650
00007651
00007652
00007653
00007654
00007655
00007656
00007657
00007658
00007659
00007660
00007661
00007662
00007663
00007664
00007665
00007666
00007667
00007668
00007669
00007670
00007671
00007672
00007673
00007674
00007675
00007676
00007677
00007678
00007679
00007680
00007681
00007682
00007683
00007684
00007685
00007686
00007687
00007688
00007689
00007690
00007691
00007692
00007693
00007694
00007695
00007696
00007697
00007698
00007699
00007700
00007701
00007702
00007703
00007704
00007705
00007706
00007707
00007708
00007709
00007710
00007711
00007712
00007713
00007714
00007715
00007716
00007717
00007718
00007719
00007720
00007721
00007722
00007723
00007724
00007725
00007726
00007727
00007728
00007729
00007730
00007731
00007732
00007733
00007734
00007735
00007736
00007737
00007738
00007739
00007740
00007741
00007742
00007743
00007744
00007745
00007746
00007747
00007748
00007749
00007750
00007751
00007752
00007753
00007754
00007755
00007756
00007757
00007758
00007759
00007760
00007761
00007762
00007763
00007764
00007765
00007766
00007767
00007768
00007769
00007770
00007771
00007772
00007773
00007774
00007775
00007776
00007777
00007778
00007779
00007780
00007781
00007782
00007783
00007784
00007785
00007786
00007787
00007788
00007789
00007790
00007791
00007792
00007793
00007794
00007795
00007796
00007797
00007798
00007799
00002000
00002001
00002002
00002003
00002004
00002005
00002006
00002007
00002008
00002009
00002010
00002011
00002012
00002013
00002014
00002015
00002017
00002018
00002024
00002025
00002026
00002027
00002042
00002043
00002044
00002045
00002046
00002049
00002052
00002053
00002054
00002055
00002057
00002085
00002086
00002087
00002088
00002089
00002090
00002091
00002092
00002093
00002094
00002095
00002096
00002097
00002098
00002099
00002100
00002101
00002102
00002103
00002104
00002105
00002115
00002123
00002162
00002163
00002164
00002165
00002166
00010002
00010005
00010006
00010007
00010008
00010009
00010010
00010011
00010012
00010013
00010014
00010015
00010016
00010017
00010018
00010019
00010020
00010021
00010022
00010023
00010024
00010025
00010026
00010027
00010028
00010029
00010030
00010031
00010032
00010033
00010034
00010035
00010036
00010037
00010038
00010039
00010040
00010041
00010042
00010043
00010044
00010045
00010046
00010047
00010048
00010049
00010050
00010051
00010052
00010053
00010054
00010055
00010056
00010057
00010058
00010059
00010060
00010061
00010062
00010066
00010067
00010068
00010069
00010070
00010071
00010072
00010073
00010074
00010075
00010076
00010077
00010078
00010079
00010080
00010081
00010082
00010083
00010084
00010085
00010086
00010087
00010088
00010089
00010090
00010091
00010092
00010093
00010094
00010095
00010096
00010097
00010098
00010099
00010100
00010101
00010102
00010103
00010104
00010105
00010106
00010107
00010108
00010109
00010110
00010111
00010112
00010113
00010114
00010115
00010116
00010117
00010118
00010119
00010120
00010121
00010122
00010123
00010124
00010125
00010126
00010127
00010128
00010129
00010130
00010131
00010132
00010133
00010134
00010135
00010136
00010137
00010138
00010139
00010140
00010141
00010142
00010143
00010144
00010145
00010146
00010147
00010148
00010149
00010150
00010151
00010152
00010153
00010154
00010155
00010156
00010157
00010158
00010159
00010160
00010161
00010162
00010163
00010164
00010165
00010166
00010167
00010168
00010169
00010170
00010171
00010172
00010173
00010174
00010175
00010176
00010177
00010178
00010179
00010186
00010188
00010190
00010191
00010192
00010193
00010194
00010195
00010196
00010197
00010198
00010199
00008819
00008820
00008821
00008822
00008823
00008824
00008826
00008828
00008892
00008893
00008894
00008895
00008896
00008898
00008899
00008900
00008901
00008902
00008903
00008904
00008905
00008906
00011021
00011038
00011045
00011046
00011047
00011048
00011049
00011050
00011052
00011053
00011054
00011055
00011056
00011057
00011058
00011059
00011060
00011061
00011062
00011063
00011064
00011065
00011066
00011067
00011068
00011070
00011071
00011072
00011073
00011074
00011075
00011076
00011108
00011109
00011110
00011111
00011112
00011113
00011114
00011115
00011116
00011117
00011118
00011119
00011120
00011121
00011122
00011123
00011124
00011125
00011126
00011129
00011130
00011131
00011132
00011133
00011134
00011135
00011136
00011137
00011138
00011139
00011140
00011141
00011142
00011143
00011144
00011145
00011146
00011147
00011148
00011149
00011150
00011151
00011196
00011198
00005400
00005401
00005402
00005403
00005404
00005405
00005406
00005407
00005408
00005409
00005410
00005411
00005412
00005413
00005420
00005421
00005422
00005423
00005424
00005428
00010800
00010801
00010804
00010891
00010892
00010893
00010894
00010895
00010896
00010897
00010898
00010899
00010900
00010901
00010902
00010903
00010904
00010905
00010906
00010907
00010908
00010909
00010910
00010911
00010912
00010913
00010914
00010915
00010916
00010917
00010918
00010919
00010920
00010921
00010922
00010923
00010924
00010925
00010926
00010927
00010928
00010929
00010930
00010931
00010932
00010933
00010934
00010935
00010936
00010937
00010938
00010939
00010940
00010941
00010942
00010943
00010944
00010945
00010947
00010952
00010953
00010954
00010956
00010957
00010959
00010960
00010963
00010964
00010967
00010971
00010973
00010986
00010987
00010990
00010991
00010992
00010993
00010994
00010995
00010996
00010997
00010998
00010999
00009600
00009601
00009602
00009603
00009604
00009605
00009606
00009607
00009608
00009609
00009610
00009611
00009612
00009613
00009614
00009615
00009616
00009617
00009618
00009619
00009620
00009621
00009622
00009623
00009624
00009625
00009626
00009627
00009628
00009629
00009630
00009631
00009632
00009633
00009634
00009635
00009636
00009637
00009638
00009639
00009640
00009641
00009642
00009643
00009644
00009645
00009646
00009647
00009648
00009649
00009650
00009651
00009652
00009653
00009654
00009655
00009656
00009657
00009658
00009659
00009660
00009661
00009662
00009663
00009664
00009665
00009666
00009667
00009668
00009669
00009670
00009671
00009672
00009673
00009674
00009675
00009676
00009677
00009678
00009679
00009680
00009681
00009682
00009683
00009684
00009685
00009686
00009687
00009688
00009689
00009690
00009691
00009692
00009693
00009694
00009695
00009696
00009697
00009698
00009699
00009700
00009701
00009702
00009703
00009704
00009705
00009706
00009707
00009708
00009709
00009710
00009711
00009712
00009713
00009714
00009715
00009716
00009717
00009718
00009719
00009720
00009721
00009722
00009723
00009724
00009725
00009726
00009727
00009728
00009729
00009730
00009731
00009732
00009733
00009734
00009735
00009736
00009737
00009738
00009739
00009740
00009741
00009742
00009743
00009744
00009745
00009746
00009747
00009748
00009749
00009750
00009751
00009752
00009753
00009754
00009755
00009756
00009757
00009758
00009759
00009760
00009761
00009762
00009763
00009764
00009765
00009766
00009767
00009768
00009769
00009770
00009771
00009772
00009773
00009774
00009775
00009776
00009777
00009778
00009779
00009780
00009781
00009782
00009783
00009784
00009785
00009786
00009787
00009788
00009789
00009790
00009791
00009792
00009793
00009794
00009795
00009796
00009797
00009798
00009799
00011600
00011601
00011602
00011603
00011604
00011605
00011606
00011607
00011608
00011609
00011610
00011611
00011612
00011613
00011614
00011615
00011616
00011617
00011618
00011619
00011620
00011621
00011622
00011623
00011624
00011625
00011626
00011627
00011628
00011629
00011630
00011631
00011632
00011633
00011634
00011635
00011636
00011637
00011638
00011639
00011640
00011641
00011642
00011643
00011644
00011645
00011646
00011647
00011648
00011649
00011650
00011651
00011652
00011653
00011654
00011655
00011656
00011657
00011658
00011659
00011660
00011661
00011662
00011663
00011664
00011665
00011666
00011667
00011668
00011669
00011670
00011671
00011672
00011673
00011674
00011675
00011676
00011677
00011678
00011679
00011680
00011681
00011682
00011683
00011684
00011685
00011686
00011687
00011688
00011689
00011690
00011691
00011692
00011693
00011694
00011695
00011696
00011697
00011698
00011699
00011700
00011701
00011702
00011703
00011704
00011705
00011706
00011707
00011708
00011709
00011710
00011711
00011712
00011713
00011714
00011715
00011716
00011717
00011718
00011719
00011720
00011721
00011722
00011723
00011724
00011725
00011726
00011727
00011728
00011729
00011730
00011731
00011732
00011733
00011734
00011735
00011736
00011737
00011738
00011739
00011740
00011741
00011742
00011743
00011744
00011745
00011746
00011747
00011748
00011749
00011750
00011751
00011752
00011753
00011754
00011755
00011756
00011757
00011758
00011759
00011760
00011761
00011762
00011763
00011764
00011765
00011766
00011767
00011768
00011769
00011770
00011771
00011772
00011773
00011774
00011775
00011776
00011777
00011778
00011779
00011780
00011781
00011782
00011783
00011784
00011785
00011786
00011787
00011788
00011789
00011790
00011791
00011792
00011793
00011794
00011795
00011796
00011797
00011798
00011799
00012400
00012401
00012402
00012403
00012404
00012405
00012406
00012407
00012408
00012409
00012410
00012411
00012412
00012413
00012414
00012415
00012416
00012417
00012418
00012419
00012420
00012421
00012422
00012423
00012424
00012425
00012426
00012427
00012428
00012429
00012430
00012431
00012432
00012433
00012434
00012435
00012436
00012437
00012438
00012439
00012440
00012441
00012442
00012443
00012444
00012445
00012446
00012447
00012448
00012449
00012450
00012451
00012452
00012453
00012454
00012455
00012456
00012457
00012458
00012459
00012460
00012461
00012462
00012463
00012464
00012465
00012466
00012467
00012468
00012469
00012501
00012502
00012503
00012504
00012505
00012506
00012507
00012508
00012509
00005000
00005001
00005002
00005003
00005004
00005005
00005006
00005007
00005008
00005009
00005010
00005011
00005012
00005013
00005014
00005015
00005016
00005017
00005018
00005019
00005020
00005021
00005022
00005023
00005024
00005025
00005026
00005027
00005028
00005029
00005030
00005031
00005032
00005033
00005034
00005035
00005036
00005037
00005038
00005039
00005040
00005041
00005042
00005043
00005044
00005045
00005046
00005047
00005048
00005049
00005050
00005051
00005052
00005053
00005054
00005055
00005056
00005057
00005058
00005059
00005060
00005061
00005062
00005063
00005064
00005065
00005066
00005067
00005068
00005069
00005070
00005071
00005072
00005073
00005074
00005075
00005076
00005077
00005078
00005079
00005080
00005081
00005082
00005083
00005084
00005085
00005086
00005087
00005088
00005089
00005090
00005091
00005092
00005093
00005094
00005095
00005096
00005097
00005098
00005099
00005100
00005101
00005102
00005103
00005104
00005105
00005106
00005107
00005108
00005109
00005110
00005111
00005112
00005113
00005114
00005115
00005116
00005117
00005118
00005119
00005120
00005121
00005122
00005123
00005124
00005125
00005126
00005127
00005128
00005129
00005130
00005131
00005132
00005133
00005134
00005135
00005136
00005137
00005138
00005139
00005140
00005141
00005142
00005143
00005144
00005145
00005146
00005147
00005148
00005149
00005150
00005151
00005152
00005153
00005154
00005155
00005156
00005157
00005158
00005159
00005160
00005161
00005162
00005163
00005164
00005165
00005166
00005167
00005168
00005169
00005170
00005171
00005172
00005173
00005174
00005175
00005176
00005177
00005178
00005179
00005180
00005181
00005182
00005183
00005184
00005185
00005186
00005187
00005188
00005189
00005190
00005191
00005192
00005193
00005194
00005195
00005196
00005197
00005198
00005199
00002997
00002998
00002999
00004800
00004801
00004802
00004803
00004804
00004805
00004806
00004807
00004808
00004809
00004810
00004811
00004812
00004813
00004814
00004815
00004816
00004817
00004818
00004819
00004820
00004821
00004822
00004823
00004824
00004825
00004826
00004827
00004828
00004829
00004830
00004831
00004832
00004833
00004834
00004835
00004836
00004837
00004838
00004839
00004840
00004841
00004842
00004843
00004844
00004845
00004846
00004847
00004848
00004849
00004850
00004851
00004852
00004853
00004854
00004855
00004856
00004857
00004858
00004859
00004860
00004861
00004862
00004863
00004864
00004865
00004866
00004867
00004868
00004869
00004870
00004871
00004872
00004873
00004874
00004875
00004876
00004877
00004878
00004879
00004880
00004881
00004882
00004883
00004884
00004885
00004886
00004887
00004888
00004889
00004890
00004891
00004892
00004893
00004894
00004895
00004896
00004897
00004898
00004899
00004900
00004901
00004902
00004903
00004904
00004905
00004906
00004907
00004908
00004909
00004910
00004911
00004912
00004913
00004914
00004915
00004916
00004917
00004918
00004919
00004920
00004921
00004922
00004923
00004924
00004925
00004926
00004927
00004928
00004929
00004930
00004931
00004932
00004933
00004934
00004935
00004936
00004937
00004938
00004939
00004940
00004941
00004942
00004943
00004944
00004945
00004946
00004947
00004948
00004949
00004950
00004951
00004952
00004953
00004954
00004955
00004956
00004957
00004958
00004959
00004960
00004961
00004962
00004963
00004964
00004965
00004966
00004967
00004968
00004969
00004970
00004971
00004972
00004973
00004974
00004975
00004976
00004977
00004978
00004979
00004980
00004981
00004982
00004983
00004984
00004985
00004986
00004987
00004988
00004989
00004990
00004991
00004992
00004993
00004994
00004995
00004996
00004997
00004998
00004999
00002600
00002601
00002602
00002603
00002604
00002605
00002606
00002607
00002608
00002609
00002610
00002611
00002612
00002613
00002614
00002615
00002616
00002617
00002618
00002619
00002620
00002621
00002622
00002623
00002624
00002625
00002626
00002627
00002628
00002629
00002630
00002631
00002632
00002633
00002634
00002635
00002636
00002637
00002638
00002639
00002640
00002641
00002642
00002643
00002644
00002645
00002646
00002647
00002648
00002649
00002650
00002651
00002652
00002653
00002654
00002655
00002657
00002658
00002659
00002660
00002661
00002662
00002663
00002664
00002665
00002666
00002667
00002668
00002669
00002670
00002671
00002672
00002673
00002674
00002675
00002676
00002677
00002678
00002679
00002680
00002681
00002682
00002683
00002684
00002685
00002686
00002687
00002688
00002689
00002690
00002691
00002692
00002693
00002694
00002695
00002696
00002697
00002698
00002699
00002700
00002701
00002702
00002703
00002704
00002705
00002706
00002707
00002708
00002709
00002710
00002711
00002712
00002713
00002714
00002715
00002716
00002717
00002718
00002719
00002720
00002721
00002722
00002723
00002724
00002725
00002726
00002727
00002728
00002729
00002730
00002731
00002732
00002733
00002734
00002735
00002736
00002737
00002738
00002739
00002740
00002741
00002742
00002743
00002744
00002745
00002746
00002747
00002748
00002749
00002750
00002751
00002752
00002753
00002754
00002755
00002756
00002757
00002758
00002759
00002760
00002761
00002762
00002763
00002764
00002765
00002766
00002767
00002768
00002769
00002770
00002771
00002772
00002773
00002774
00002775
00002776
00002777
00002778
00002779
00002780
00011800
00011801
00011802
00011803
00011804
00011805
00011806
00011807
00011808
00011809
00011810
00011811
00011812
00011813
00011814
00011815
00011816
00011817
00011818
00011819
00011820
00011821
00011822
00011823
00011824
00011825
00011826
00011827
00011828
00011829
00011830
00011831
00011832
00011833
00011834
00011835
00011836
00011837
00011838
00011839
00011840
00011841
00011842
00011843
00011844
00011845
00011846
00011847
00011848
00011849
00011850
00011851
00011852
00011853
00011854
00011855
00011856
00011857
00011858
00011859
00011860
00011861
00011862
00011863
00011864
00011865
00011866
00011867
00011868
00011869
00011870
00011871
00011872
00011873
00011874
00011875
00011876
00011877
00011878
00011879
00011880
00011881
00011882
00011883
00011884
00011885
00011886
00011887
00011888
00011889
00011890
00011891
00011892
00011893
00011894
00011895
00011896
00011897
00011898
00011899
00011900
00011901
00011902
00011903
00011904
00011905
00011906
00011907
00011908
00011909
00011910
00011911
00011912
00011913
00011914
00011915
00011916
00011917
00011918
00011919
00011920
00011921
00011922
00011923
00011924
00011925
00011926
00011927
00011928
00011929
00011930
00011931
00011932
00011933
00011934
00011935
00011936
00011937
00011938
00011939
00011940
00011941
00011942
00011943
00011944
00011945
00011954
00011955
00011956
00011960
00011964
00011965
00011966
00011967
00011968
00011969
00011970
00011971
00011972
00011973
00011974
00011975
00011976
00011977
00011978
00011979
00011980
00011981
00011982
00011983
00006800
00006801
00006802
00006803
00006804
00006805
00006806
00006807
00006808
00006809
00006810
00006811
00006812
00006813
00006814
00006815
00006816
00006817
00006818
00006819
00006820
00006821
00006822
00006823
00006824
00006825
00006826
00006827
00006828
00006829
00006830
00006831
00006832
00006833
00006834
00006835
00006836
00006837
00006838
00006839
00006840
00006841
00006842
00006843
00006844
00006845
00006846
00006847
00006848
00006849
00006850
00006851
00006852
00006853
00006854
00006855
00006856
00006857
00006858
00006859
00006860
00006861
00006862
00006863
00006864
00006865
00006866
00006867
00006868
00006869
00006870
00006871
00006872
00006873
00006874
00006875
00006876
00006877
00006878
00006879
00006880
00006881
00006882
00006883
00006884
00006885
00006886
00006887
00006888
00006889
00006890
00006891
00006892
00006893
00006894
00006895
00006896
00006897
00006898
00006899
00006900
00006901
00006902
00006903
00006904
00006905
00006906
00006907
00006908
00006909
00006910
00006911
00006912
00006913
00006914
00006915
00006916
00006917
00006918
00006919
00006920
00006921
00006922
00006923
00006924
00006925
00006926
00006927
00006928
00006929
00006930
00006931
00006932
00006933
00006934
00006935
00006936
00006937
00006938
00006939
00006940
00006941
00006942
00006943
00006944
00006945
00006946
00006947
00006948
00006949
00006950
00006951
00006952
00006953
00006954
00006955
00006956
00006957
00006958
00006959
00006960
00006961
00006962
00006963
00006964
00006965
00006966
00006967
00006968
00006969
00006970
00006971
00006972
00006973
00006974
00006975
00006976
00006977
00006978
00006979
00006980
00006981
00006982
00006983
00006984
00006985
00006986
00006987
00006988
00006989
00006990
00006991
00006992
00007400
00007401
00007402
00007403
00007404
00007405
00007406
00007407
00007408
00007409
00007410
00007411
00007412
00007413
00007414
00007415
00007416
00007417
00007418
00007419
00007420
00007421
00007422
00007423
00007424
00007425
00007426
00007427
00007428
00007429
00007430
00007431
00007432
00007433
00007434
00007435
00007436
00007437
00007438
00007439
00007440
00007441
00007442
00007443
00007444
00007445
00007446
00007447
00007448
00007449
00007450
00007451
00007452
00007453
00007454
00007455
00007456
00007457
00007458
00007459
00007460
00007461
00007462
00007463
00007464
00007465
00007466
00007467
00007468
00007469
00007470
00007471
00007472
00007473
00007474
00007475
00007476
00007477
00007478
00007479
00007480
00007481
00007482
00007483
00007484
00007485
00007486
00007487
00007488
00007489
00007490
00007491
00007492
00007493
00007494
00007495
00007496
00007497
00007498
00007499
00007500
00007501
00007502
00007503
00007504
00007505
00007506
00007507
00007508
00007509
00007510
00007515
00007524
00007529
00007537
00007538
00007539
00007540
00007541
00007542
00007543
00007544
00007545
00007546
00007547
00007548
00007549
00007550
00007551
00007552
00007553
00007554
00007555
00007556
00007557
00007558
00007559
00007560
00007561
00007562
00007563
00007564
00007565
00007566
00007567
00007568
00007569
00007570
00007571
00007572
00007573
00007574
00007575
00007576
00007577
00007578
00007579
00007580
00007581
00007582
00007583
00007584
00007585
00007586
00007587
00007588
00007589
00007590
00007591
00007592
00007593
00007594
00007595
00007596
00007597
00007598
00007599
00004478
00004519
00004560
00004562
00004565
00004566
00004567
00004580
00004581
00004582
00004583
00004584
00004585
00004586
00004587
00004588
00004589
00004590
00004591
00004592
00004593
00004594
00004595
00004596
00004597
00004598
00004599
00004310
00004326
00004332
00004333
00004334
00004335
00004336
00004337
00004338
00004339
00004340
00006200
00006201
00006202
00006203
00006204
00006205
00006206
00006207
00006208
00006209
00006210
00006211
00006212
00006213
00006214
00006215
00006216
00006217
00006218
00006219
00006220
00006221
00006222
00006223
00006224
00006225
00006226
00006227
00006228
00006229
00006230
00006231
00006232
00006233
00006234
00006235
00006236
00006237
00006238
00006239
00006240
00006241
00006242
00006243
00006244
00006245
00006246
00006247
00006248
00006249
00006250
00006251
00006252
00006253
00006254
00006255
00006256
00006257
00006258
00006259
00006260
00006261
00006262
00006263
00006264
00006265
00006266
00006267
00006268
00006269
00006270
00006271
00006272
00006273
00006274
00006275
00006276
00006277
00006278
00006279
00006280
00006281
00006282
00006283
00006284
00006285
00006286
00006287
00006288
00006289
00006290
00006291
00006292
00006293
00006294
00006295
00006296
00006297
00006298
00006299
00006300
00006301
00006302
00006303
00006304
00006305
00006306
00006307
00006308
00006309
00006310
00006311
00006312
00006313
00006314
00006315
00006316
00006317
00006318
00006319
00006320
00006321
00006322
00006323
00006324
00006325
00006326
00006327
00006328
00006329
00006330
00006331
00006332
00006333
00006334
00006335
00006336
00006337
00006338
00006339
00006340
00006341
00006342
00006343
00006344
00006345
00006346
00006347
00006348
00006349
00006350
00006351
00006352
00006353
00006354
00006355
00006356
00006357
00006358
00006359
00006360
00006361
00006362
00006363
00006364
00006365
00006366
00006367
00006368
00006369
00006370
00006371
00006372
00006373
00006374
00006375
00006376
00006377
00006378
00006379
00006380
00006381
00006382
00006383
00006384
00006385
00006386
00006387
00006388
00006389
00006390
00006391
00006392
00006393
00006394
00006395
00006396
00006397
00006398
00006399
00012013
00012014
00012015
00012016
00012017
00012018
00012019
00012021
00012023
00012024
00012025
00012026
00012028
00012029
00012030
00012031
00012032
00012033
00012034
00012035
00012036
00012037
00012038
00012039
00012040
00012041
00012042
00012043
00012044
00012045
00012046
00012047
00012048
00012049
00012050
00012051
00012052
00012053
00012054
00012055
00012056
00012057
00012058
00012059
00012060
00012061
00012062
00012064
00012065
00012066
00012067
00012068
00012069
00012070
00012071
00012072
00012073
00012075
00012076
00012077
00012078
00012079
00012080
00012081
00012082
00012083
00012084
00012086
00012089
00012090
00012091
00012092
00012093
00012094
00012095
00012096
00012097
00012098
00012099
00012100
00012101
00012102
00012103
00012104
00012105
00012106
00012107
00012108
00012109
00012110
00012111
00012112
00012113
00012114
00012115
00012116
00012117
00012118
00012119
00012120
00012121
00012122
00012123
00012124
00012125
00012126
00012127
00012128
00012129
00012130
00012131
00012132
00012135
00012158
00012159
00012200
00012201
00012202
00012203
00012204
00012205
00012206
00012207
00012208
00012209
00012210
00012211
00012212
00012213
00012214
00012215
00012216
00012217
00012218
00012219
00012220
00012221
00012222
00012223
00012224
00012225
00012226
00012227
00012228
00012229
00012231
00012233
00012234
00012235
00012236
00012237
00012238
00012239
00012240
00012245
00012267
00012269
00012270
00012271
00012272
00012275
00012276
00012278
00012279
00012280
00012281
00012286
00012287
00012293
00012294
00012295
00012299
00012301
00012306
00012307
00012308
00012309
00012310
00012311
00012312
00012313
00012314
00012315
00012316
00012317
00012318
00012319
00012320
00012321
00012322
00012323
00012324
00012325
00012326
00012327
00012328
00012329
00012330
00012331
00012332
00012333
00012334
00012335
00012336
00012337
00012338
00012339
00012340
00012341
00012342
00012343
00012344
00012345
00012346
00012347
00012348
00012349
00012350
00012351
00012353
00012354
00012355
00012356
00012357
00012358
00012359
00012360
00012361
00012362
00012363
00012364
00012365
00012366
00012367
00012368
00012369
00012370
00012371
00012372
00012373
00012374
00012375
00012376
00012377
00012378
00012379
00012380
00012381
00012382
00012383
00012384
00012385
00012386
00012387
00012388
00012389
00012390
00012391
00012392
00012393
00012394
00012395
00012396
00012397
00012398
00012399
00006600
00006601
00006602
00006603
00006604
00006605
00006606
00006607
00006608
00006609
00006610
00006611
00006612
00006613
00006614
00006615
00006616
00006617
00006618
00006619
00006620
00006621
00006622
00006623
00006624
00006625
00006626
00006627
00006628
00006629
00006630
00006631
00006632
00006633
00006634
00006635
00006636
00006637
00006638
00006639
00006640
00006641
00006642
00006643
00006644
00006645
00006646
00006647
00006648
00006649
00006650
00006651
00006652
00006653
00006654
00006655
00006656
00006657
00006658
00006659
00006660
00006661
00006662
00006663
00006664
00006665
00006666
00006667
00006668
00006669
00006670
00006671
00006672
00006673
00006674
00006675
00006676
00006677
00006678
00006679
00006680
00006681
00006682
00006683
00006684
00006685
00006686
00006687
00006689
00006690
00006691
00006692
00006693
00006694
00006695
00006696
00006697
00006698
00006699
00006700
00006701
00006702
00006703
00006704
00006705
00006706
00006707
00006708
00006709
00006710
00006711
00006712
00006713
00006714
00006715
00006716
00006717
00006718
00006719
00006720
00006721
00006722
00006723
00006724
00006725
00006726
00006727
00006728
00006729
00006730
00006731
00006732
00006733
00006734
00006735
00006736
00006737
00006738
00006739
00006740
00006741
00006742
00006743
00006744
00006745
00006746
00006747
00006748
00006749
00006750
00006751
00006752
00006753
00006754
00006755
00006756
00006757
00006758
00006759
00006760
00006761
00006762
00006763
00006764
00006765
00006766
00006767
00006768
00006769
00006770
00006771
00006772
00006773
00006774
00006775
00006776
00006777
00006778
00006779
00006780
00006781
00006782
00006783
00006784
00006785
00006786
00006787
00006788
00006789
00006790
00006791
00006792
00006793
00006794
00006795
00006796
00006797
00006798
00006799
00003000
00003001
00003002
00003027
00003030
00003031
00003032
00003033
00003034
00003035
00003036
00003037
00003038
00003039
00003040
00003041
00003043
00003044
00003045
00003046
00003047
00003140
00003141
00003142
00003143
00003144
00003145
00003193
00003194
00003195
00003196
00003197
00003198
00003199
00007000
00007001
00007002
00007003
00007004
00007005
00007006
00007007
00007008
00007009
00007010
00007011
00007012
00007013
00007014
00007015
00007016
00007017
00007018
00007019
00007020
00007021
00007022
00007023
00007024
00007025
00007026
00007027
00007028
00007029
00007030
00007031
00007032
00007033
00007034
00007035
00007036
00007037
00007038
00007039
00007040
00007041
00007042
00007043
00007044
00007045
00007046
00007047
00007048
00007049
00007050
00007051
00007052
00007053
00007054
00007055
00007056
00007057
00007058
00007059
00007060
00007061
00007062
00007063
00007064
00007065
00007066
00007067
00007068
00007069
00007070
00007071
00007072
00007073
00007074
00007075
00007076
00007077
00007078
00007079
00007080
00007081
00007082
00007083
00007084
00007085
00007086
00007087
00007088
00007089
00007090
00007091
00007092
00007093
00007094
00007095
00007096
00007097
00007098
00007099
00007100
00007101
00007102
00007103
00007104
00007105
00007106
00007107
00007108
00007109
00007110
00007111
00007112
00007113
00007114
00007115
00007116
00007117
00007118
00007119
00007120
00007121
00007122
00007123
00007124
00007125
00007126
00007127
00007128
00007129
00007130
00007131
00007132
00007133
00007134
00007135
00007136
00007137
00007138
00007139
00007140
00007141
00007142
00007143
00007144
00007145
00007146
00007147
00007148
00007149
00007150
00007151
00007152
00007153
00007154
00007155
00007156
00007157
00007158
00007159
00007164
00007165
00007166
00007167
00007168
00007169
00007170
00007171
00007172
00007173
00007174
00007175
00007176
00007177
00007178
00007179
00007180
00007181
00007182
00007183
00007184
00007185
00007186
00007187
00007188
00009025
00009040
00009041
00009043
00009047
00009059
00009080
00009081
00009082
00009083
00009084
00009085
00009087
00009088
00009089
00009090
00009092
00009093
00009094
00009095
00009100
00009102
00009105
00009127
00009128
00009130
00009131
00009132
00009133
00009134
00009135
00009136
00009137
00009138
00009139
00009140
00009141
00009142
00009143
00009144
00009145
00009146
00009147
00009148
00009149
00009150
00009151
00009152
00009153
00009154
00009155
00009156
00009157
00009158
00009159
00009160
00009161
00009162
00009163
00009164
00009165
00009166
00009167
00009168
00003406
00003407
00003408
00003409
00003410
00007201
00007202
00007203
00007204
00007205
00007206
00007207
00007208
00007210
00007211
00007212
00007213
00007214
00007215
00007216
00007217
00007218
00007219
00007220
00007221
00007222
00007223
00007224
00007225
00007226
00007227
00007228
00007229
00007230
00007231
00007232
00007233
00007234
00007235
00007353
00007383
00007384
00003274
00003275
00003276
00003277
00003278
00003279
00003280
00003281
00003282
00003283
00003284
00003285
00003286
00003287
00003288
00003289
00003290
00003294
00003332
00003333
00003334
00003335
00003337
00003338
00003340
00003342
00003343
00003344
00003349
00003350
00003351
00003352
00003353
00003354
00003355
00003356
00003357
00003358
00003359
00003360
00003361
00003362
00003363
00003364
00003365
00003366
00003367
00003368
00003369
00003370
00003371
00003372
00003373
00003374
00003375
00003376
00003377
00003378
00003379
00003380
00003381
00003382
00003383
00003384
00003385
00003386
00003387
00003388
00003389
00003390
00003391
00003392
00003393
00003394
00003395
00003396
00003397
00003398
00003399
00006000
00006001
00006002
00006003
00006004
00006005
00006006
00006007
00006008
00006009
00006010
00006011
00006012
00006013
00006014
00006015
00006016
00006017
00006018
00006019
00006020
00006021
00006022
00006023
00006024
00006025
00006026
00006027
00006028
00006029
00006030
00006031
00006032
00006033
00006034
00006035
00006036
00006037
00006038
00006039
00006040
00006041
00006042
00006043
00006044
00006045
00006046
00006047
00006048
00006049
00006050
00006051
00006052
00006053
00006054
00006055
00006056
00006057
00006058
00006059
00006060
00006061
00006062
00006063
00006064
00006065
00006066
00006067
00006068
00006069
00006070
00006071
00006072
00006073
00006074
00006075
00006076
00006077
00006078
00006079
00006080
00006081
00006082
00006083
00006084
00006085
00006086
00006087
00006088
00006089
00006090
00006091
00006092
00006093
00006094
00006095
00006096
00006097
00006098
00006099
00006100
00006101
00006102
00006103
00006104
00006105
00006106
00006107
00006108
00006109
00006110
00006111
00006112
00006113
00006114
00006115
00006116
00006117
00006118
00006119
00006120
00006121
00006122
00006123
00006124
00006125
00006126
00006127
00006128
00006129
00006130
00006131
00006132
00006133
00006134
00006135
00006136
00006137
00006138
00006139
00006140
00006141
00006142
00006143
00006144
00006145
00006146
00006147
00006148
00006149
00006150
00006151
00006152
00006153
00006154
00006155
00006156
00006157
00006158
00006159
00006160
00006161
00006162
00006163
00006164
00006165
00006166
00006167
00006168
00006169
00006170
00006171
00006172
00006173
00006174
00006175
00006176
00006177
00006178
00006179
00006180
00006181
00006182
00006183
00006184
00006185
00006186
00006187
00006188
00006189
00006190
00006191
00006192
00006193
00006194
00006195
00006196
00006197
00006198
00006199
